00:10:01 0.04 0.05 0.05
00:20:01 0.03 0.06 0.05
00:30:01 0.00 0.01 0.05
00:40:01 0.01 0.05 0.05
00:50:01 0.00 0.01 0.05
01:00:01 0.03 0.05 0.05
01:10:01 0.00 0.05 0.05
01:20:02 0.01 0.03 0.05
01:30:01 0.07 0.06 0.05
01:40:01 0.00 0.01 0.05
01:50:01 2.18 0.06 0.06
02:00:01 5.06 0.04 0.05
02:10:01 0.00 0.02 0.05
02:20:01 1.00 0.01 0.05
02:30:01 0.00 0.03 0.05
02:40:01 0.16 0.10 0.06
02:50:01 3.00 0.03 0.05
03:00:01 0.01 0.04 0.05
03:10:01 2.08 0.07 0.05
03:20:01 8.04 0.06 0.05
03:30:01 2.06 0.10 0.06
03:40:01 0.06 0.06 0.05
03:50:01 0.01 0.04 0.05
04:00:01 0.00 0.01 0.05
04:10:01 0.00 0.02 0.05
04:20:01 0.01 0.02 0.05
04:30:01 0.00 0.01 0.05
04:40:01 0.00 0.01 0.05
04:50:01 0.04 0.04 0.05
05:00:01 0.01 0.03 0.05
05:10:01 0.01 0.02 0.05
05:20:01 0.00 0.01 0.05
05:30:01 0.00 0.01 0.05
05:40:01 0.18 0.10 0.06
05:50:01 0.07 0.07 0.05
06:00:01 0.00 0.03 0.05
06:10:01 0.06 0.03 0.05
06:20:01 0.01 0.02 0.05
06:30:01 0.00 0.01 0.05
06:40:01 0.07 0.04 0.05
06:50:01 0.01 0.03 0.05
